10233
43910
26586
33939
0
53690
61772
2555
44458
35902
21524
39246
12835
22607
57657
63674
34889
4303
8637
16778
24101
17518
36681
34767
2229
38916
7225
58311
9255
27284
6092
39050
9503
31500
12227
12271
13019
25735
45296
50148
1558
27509
9917
38538
799
14606
52714
45180
48176
33571
47434
20957
29607
45583
55027
18964
61263
59439
28431
25591
42848
8532
14993
59293
25949
48934
46457
4348
9402
29783
48575
40354
31671
15134
61690
1161
20760
26258
54187
4684
15114
61350
60918
53574
59800
34568
64383
46942
12593
18493
53256
54394
8203
9400
29749
47997
30528
61240
59048
21784
43666
22438
54784
14833
56573
45246
49298
52645
44007
28235
22259
51741
28639
29127
37423
47381
20056
14290
47342
19393
3019
52346
38924
7361
60623
48559
40082
27047
2063
36094
24788
29197
38613
2074
36281
27967
17703
39826
22695
59153
23569
8474
14007
42531
3143
54454
9223
26740
62381
12908
23848
13217
29101
36981
39867
23392
5465
28391
24911
31288
8623
16540
20055
14273
47053
14480
50572
8766
18971
61382
61462
62822
20405
20223
17129
30068
53420
57182
55599
28688
29960
51584
25970
49291
52526
41984
59381
27445
8829
20042
14052
43296
16148
13391
32059
21730
42748
6832
51630
26752
62585
16376
17267
32414
27765
14269
46985
13324
30920
2367
41262
47107
15398
641
11920
7052
55370
24795
29316
40636
36465
31095
5342
26300
54901
16822
24849
30234
56242
39619
19176
64867
55170
21395
37053
41091
44200
31516
12499
16895
26090
51331
21669
41711
54740
14085
43857
25685
44446
35698
18056
45827
59175
23943
14832
56556
44957
44385
34661
427
8282
10743
52580
42902
9450
30599
62447
14030
42922
9790
36379
29633
46025
62541
15628
4551
12853
22913
62859
21034
30916
2299
40106
27455
8999
22932
63182
26525
58726
16310
16145
13340
31192
6991
54333
7166
57308
57741
65102
59165
23773
11942
7426
61728
1807
31742
16341
16672
22299
52421
40199
29036
35876
21082
31732
16171
13782
38706
3655
63158
26117
51790
29472
43288
16012
11079
58292
8932
21793
43819
25039
33464
45615
55571
28212
21868
45094
46714
8717
18138
47221
17336
33587
47706
25581
42678
5642
31400
10527
48908
46015
62371
12738
20958
29624
45872
59940
36948
39306
13855
39947
24752
28585
28209
21817
44227
31975
20302
18472
52899
48325
36104
24958
32087
22206
50840
13322
30886
1789
31436
11139
59312
26272
54425
8730
18359
50978
15668
5231
24413
22822
61312
60272
42592
4180
6546
46768
9635
33744
50375
5417
27575
11039
57612
62909
21884
45366
51338
21788
43734
23594
8899
21232
34282
59521
29825
49289
52492
41406
49555
57014
52743
45673
56557
44974
44674
39574
18411
51862
30696
64096
42063
60724
50276
3734
64501
48948
46695
8394
12647
19411
3325
57548
61821
3388
58619
14491
50759
11945
7477
62595
16546
20157
16007
10994
56847
49904
62947
22530
56348
41421
49810
61349
60901
53285
54887
16584
20803
26989
1077
19332
1982
34717
1379
24466
23723
11092
58513
12689
20125
15463
1746
30705
64249
44664
39404
15521
2732
47467
21518
39144
11101
58666
15290
64342
46245
744
13671
36819
37113
42111
61540
64148
42947
10215
43604
21384
36866
37912
55694
30303
57415
59560
30488
60560
47488
21875
45213
48737
43108
12952
24596
25933
48662
41833
56814
49343
53410
57012
52709
45095
46731
9006
23051
65205
60916
53540
59222
24742
28415
25319
38224
60998
54934
17383
34386
61289
59881
35945
22255
51673
27483
9475
31024
4135
5781
33763
50698
10908
55385
25050
33651
48794
44077
29425
42489
2429
42316
65025
57856
1520
26863
64472
48455
38314
62528
15407
794
14521
51269
20615
23793
12282
13206
28914
33802
51361
22179
50381
5519
29309
40517
34442
62241
10528
48925
46304
1747
30722
64538
49577
57388
59101
22685
58983
20679
24881
30778
65490
224
4831
17613
38296
62222
10205
43434
18494
53273
54683
13116
27384
7792
2413
42044
60401
44785
41461
50490
7372
60810
51738
28588
28260
22684
58966
20390
19968
12794
21910
45808
58852
18452
52559
42545
3381
58500
12468
16368
17131
30102
53998
1471
26030
50311
4329
9079
24292
20765
26343
55632
29249
39497
17102
29609
45617
55605
28790
31694
15525
2800
48623
41170
45543
54347
7404
61354
60986
54730
13915
40967
42092
61217
58657
15137
61741
2028
35499
14673
53853
64543
49662
58833
18129
47068
14735
54907
16924
26583
59712
33072
38951
7820
2889
50136
1354
24041
16498
19341
2135
37318
45596
55248
22721
59595
31083
5138
22832
61482
63162
26185
52946
49124
49687
59258
25354
38819
5576
30278
56990
52335
38737
4182
6580
47346
19461
4175
6461
45323
50607
9361
29086
36726
35532
15234
63390
30061
53301
55159
21208
33874
52585
42987
10895
55164
21293
35319
11613
1833
32184
23855
13336
31124
5835
34681
767
14062
43466
19038
62521
15288
64308
45667
56455
43240
15196
62744
19079
63218
27137
3593
62104
8199
9332
28593
28345
24129
17994
44773
41257
47022
13953
41613
53074
51300
21142
32752
33511
46414
3617
62512
15135
61707
1450
25673
44242
32230
24637
26630
60511
46655
7714
1087
19502
4872
18310
50145
1507
26642
60715
50123
1133
20284
18166
47697
25428
40077
26962
618
11529
405
7908
4385
10031
40476
33745
50392
5706
32488
29023
35655
17325
33400
44527
37075
41465
50558
8528
14925
58137
6297
42535
3211
55610
28875
33139
40090
27183
4375
9861
37586
50152
1626
28665
29569
44937
44045
28881
33241
41824
56661
46742
9193
26230
53711
62129
8624
16557
20344
19186
65037
58060
4988
20282
18132
47119
15602
4109
5339
26249
54034
2083
36434
30568
61920
5071
21693
42119
61676
923
16714
23013
64559
49934
63457
31200
7127
56645
46470
4569
13159
28115
20219
17061
28912
33768
50783
12353
14413
49433
54940
17485
36120
25230
36711
35277
10899
55232
22449
54971
18012
45079
46459
4382
9980
39609
19006
61977
6040
38166
60012
38172
60114
39906
24055
16736
23387
5380
26946
346
6905
52871
47849
28012
18468
52831
47169
16452
18559
54378
7931
4776
16678
22401
54155
4140
5866
35208
9726
35291
11137
59278
25694
44599
38299
62273
11072
58173
6909
52939
49005
47664
24867
30540
61444
62516
15203
62863
21102
32072
21951
46505
5164
23274
3459
59826
35010
6360
43606
21418
37444
47738
26125
51926
31784
17055
28810
32034
21305
35523
15081
60789
51381
22519
56161
38242
61304
60136
40280
30413
59285
25813
46622
7153
57087
53984
1233
21984
47066
14701
54329
7098
56152
38089
58703
15919
9498
31415
10782
53243
54173
4446
11068
58105
5753
33287
42606
4418
10592
50013
64800
54031
2032
35567
15829
7968
5405
27371
7571
64193
43712
23220
2541
44220
31856
18279
49618
58085
5413
27507
9883
37960
56510
44175
31091
5274
25144
35249
10423
47140
15959
10178
42975
10691
51696
27874
16122
12949
24545
25066
33923
53418
57148
55021
18862
59529
29961
51601
26259
54204
4973
20027
13797
38961
7990
5779
33729
50120
1082
19417
3427
59282
25762
45755
57951
3135
54318
6911
52973
49583
57490
60835
52163
35813
20011
13525
34337
60456
45720
57356
58557
13437
32841
35024
6598
47652
24663
27072
2488
43319
16539
20038
13984
42140
62033
6992
54350
7455
62221
10188
43145
13581
35289
11103
58700
15868
8631
16676
22367
53577
59851
35435
13585
35357
12259
12815
22267
51877
30951
2894
50221
2799
48606
40881
40630
36363
29361
41401
49470
55569
28178
21290
35268
10746
52631
43769
24189
19014
62113
8352
11933
7273
59127
23127
960
17343
33706
49729
59972
37492
48554
39997
25602
43035
11711
3499
60506
46570
6269
42059
60656
49120
49619
58102
5702
32420
27867
16003
10926
55691
30252
56548
44821
42073
60894
53166
52864
47730
25989
49614
58017
4257
7855
3484
60251
42235
63648
34447
62326
11973
7953
5150
23036
64950
56581
45382
51610
26412
56805
49190
50809
12795
21927
46097
63765
36436
30602
62498
14897
57661
63742
36045
23955
15036
60024
38376
63582
33325
43252
15400
675
12498
16878
25801
46418
3685
63668
34787
2569
44696
39948
24769
28874
33122
39801
22270
51928
31818
17633
38636
2465
42928
9892
38113
59111
22855
61873
4272
8110
7819
2872
49847
61978
6057
38455
64925
56156
38157
59859
35571
15897
9124
25057
33770
50817
12931
24239
19864
11026
57391
59152
23552
8185
9094
24547
25100
34501
63244
27579
11107
58768
17024
28283
23075
76
2315
40378
32079
22070
48528
39555
18088
46371
2886
50085
487
9302
28083
19675
7813
2770
48113
32500
29227
39123
10744
52597
43191
14363
48583
40490
33983
54438
8951
22116
49310
52849
47475
21654
41456
50405
5927
36245
27355
7299
59569
30641
63161
26168
52657
44211
31703
15678
5401
27303
6415
44541
37313
45511
53803
63693
35212
9794
36447
30789
140
3403
58874
18826
58917
19557
5807
34205
58212
7572
64210
44001
28133
20525
22263
51809
29795
48779
43822
25090
34331
60354
43986
27878
16190
14105
44197
31465
11632
2156
37675
51665
27347
7163
57257
56874
50363
5213
24107
17620
38415
64245
44596
38248
61406
61870
4221
7243
58617
14457
50181
2119
37046
40972
42177
62662
17685
39520
17493
36256
27542
10478
48075
31854
18245
49040
48259
34982
5884
35514
14928
58188
7164
57274
57163
55276
23197
2150
37573
49931
63406
30333
57925
2693
46804
10247
44148
30632
63008
23567
8440
13429
32705
32712
32831
34854
3708
64059
41434
50031
65106
59233
24929
31594
13825
39437
16082
12269
12985
25157
35470
14180
45472
53140
52422
40216
29325
40789
39066
9775
36124
25298
37867
54929
17298
32941
36724
35498
14656
53564
59630
31678
15253
63713
35552
15574
3633
62784
19759
9241
27046
2046
35805
19875
11213
60570
47658
24765
28806
31966
20149
15871
8682
17543
37106
41992
59517
29757
48133
32840
35007
6309
42739
6679
49029
48072
31803
17378
34301
59844
35316
11562
966
17445
35440
13670
36802
36824
37198
43556
20568
22994
64236
44443
35647
17189
31088
5223
24277
20510
22008
47474
21637
41167
45492
53480
58202
7402
61320
60408
44904
43484
19344
2186
38185
60335
43663
22387
53917
94
2621
45580
54976
18097
46524
5487
28765
31269
8300
11049
57782
262
5477
28595
28379
24707
27820
15204
62880
21391
36985
39935
24548
25117
34790
2620
45563
54687
13184
28540
27444
8812
19753
9139
25312
38105
58975
20543
22569
57011
52692
44806
41818
56559
45008
45252
49400
54379
7948
5065
21591
40385
32198
24093
17382
34369
61000
54968
17961
44212
31720
15967
10314
45287
49995
64494
48829
44672
39540
17833
42036
60265
42473
2157
37692
51954
32260
25147
35300
11290
61879
4374
9844
37297
45239
49179
50622
9616
33421
44884
43144
13564
35000
6190
40716
37825
54215
5160
23206
2303
40174
28611
28651
29331
40891
40800
39253
12954
24630
26511
58488
12264
12900
23712
10905
55334
24183
18912
60379
44411
35103
7941
4946
19568
5994
37384
46718
8785
19294
1336
23735
11296
61981
6108
39322
14127
44571
37823
54181
4582
13380
31872
18551
54242
5619
31009
3880
1446
25605
43086
12578
18238
48921
46236
591
11070
58139
6331
43113
13037
26041
50498
7508
63122
25505
41386
49215
51234
20020
13678
36938
39136
10965
56354
41523
51544
25290
37731
52617
43531
20143
15769
6948
53602
60276
42660
5336
26198
53167
52881
48019
30902
2061
36060
24210
19371
2645
45988
61912
4935
19381
2815
48878
45505
53701
61959
5734
32964
37115
42145
62118
8437
13378
31838
17973
44416
35188
9386
29511
43951
27283
6075
38761
4590
13516
34184
57855
1503
26574
59559
30471
60271
42575
3891
1633
28784
31592
13791
38859
6256
41838
56899
50788
12438
15858
8461
13786
38774
4811
17273
32516
29499
43747
23815
12656
19564
5926
36228
27066
2386
41585
52598
43208
14652
53496
58474
12026
8854
20467
21277
35047
6989
54299
6588
47482
21773
43479
19259
741
13620
35952
22374
53696
61874
4289
8399
12732
20856
27890
16394
17573
37616
50662
10296
44981
44793
41597
52802
46676
8071
7156
57138
54851
15972
10399
46732
9023
23340
4581
13363
31583
13638
36258
27576
11056
57901
2285
39868
23409
5754
33304
42895
9331
28576
28056
19216
10
1193
21304
35506
14792
55876
33397
44476
36208
26726
62143
8862
20603
23589
8814
19787
9717
35138
8536
15061
60449
45601
55333
24166
18623
55466
26427
57060
53525
58967
20407
20257
17707
39894
23851
13268
29968
51720
28282
23058
65324
62939
22394
54036
2117
37012
40394
32351
26694
61599
65151
59998
37934
56068
36661
34427
61986
6193
40767
38692
3417
59112
22872
62162
9185
26094
51399
22825
61363
61139
57331
58132
6212
41090
44183
31227
7586
64448
48047
31378
10153
42550
3466
59945
37033
40751
38420
64330
46041
62813
20252
17622
38449
64823
54422
8679
17492
36239
27253
5565
30091
53811
63829
37524
49098
49245
51744
28690
29994
52162
35796
19722
8612
16353
16876
25767
45840
59396
27700
13164
28200
21664
41626
53295
55057
19474
4396
10218
43655
22251
51605
26327
55360
24625
26426
57043
53236
54054
2423
42214
63291
28378
24690
27531
10291
44896
43348
17032
28419
25387
39380
15113
61333
60629
48661
41816
56525
44430
35426
13432
32756
33579
47570
23269
3374
58381
10445
47514
22317
52727
45401
51933
31903
19078
63201
26848
64217
44120
30156
54916
17077
29184
38392
63854
37949
56323
40996
42585
4061
4523
12377
14821
56369
41778
55879
33448
45343
50947
15141
61809
3184
55151
21072
31562
13281
30189
55477
26614
60239
42031
60180
41028
43129
13309
30665
63569
33104
39495
17068
29031
35791
19637
7167
57325
58030
4478
11612
1816
31895
18942
60889
53081
51419
23165
1606
28325
23789
12214
12050
9262
27403
8115
7904
4317
8875
20824
27346
7146
56968
51961
32379
27170
4154
6104
39254
12971
24919
31424
10935
55844
32853
35228
10066
41071
43860
25736
45313
50437
6471
45493
53497
58491
12315
13767
38451
64857
55000
18505
53460
57862
1622
28597
28413
25285
37646
51172
18966
61297
60017
38257
61559
64471
48438
38025
57615
62960
22751
60105
39753
21454
38056
58142
6382
43980
27776
14456
50164
1830
32133
22988
64134
42709
6169
40359
31756
16579
20718
25544
42049
60486
46230
489
9336
28661
29501
43781
24393
22482
55532
27549
10597
50098
708
13059
26415
56856
50057
11
1210
21593
40419
32776
33919
53350
55992
35369
12463
16283
15686
5537
29615
45719
57339
58268
8524
14857
56981
52182
36136
25502
41335
48348
36495
31605
14012
42616
4588
13482
33606
48029
31072
4951
19653
7439
61949
5564
30074
53522
58916
19540
5518
29292
40228
29529
44257
32485
28972
34788
2586
44985
44861
42753
6917
53075
51317
21431
37665
51495
24457
23570
8491
14296
47444
21127
32497
29176
38256
61542
64182
43525
20041
14035
43007
11235
60944
54016
1777
31232
7671
356
7075
55761
31442
11241
61046
55750
31255
8062
7003
54537
10634
50727
11401
63766
36453
30891
1874
32881
35704
18158
47561
23116
773
14164
45200
48516
39351
14620
52952
49226
51421
23199
2184
38151
59757
33837
51956
32294
25725
45126
47258
17965
44280
32876
35619
16713
22996
64270
45021
45473
53157
52711
45129
47309
18832
59019
21291
35285
11035
57544
61753
2232
38967
8092
7513
63207
26950
414
8061
6986
54248
5721
32743
33358
43813
24937
31730
16137
13204
28880
33224
41535
51748
28758
31150
6277
42195
62968
22887
62417
13520
34252
59011
21155
32973
37268
44746
40798
39219
12376
14804
56080
36865
37895
55405
25390
39431
15980
10535
49044
48327
36138
25536
41913
58174
6926
53228
53918
111
2910
50493
7423
61677
940
17003
27926
17006
27977
17873
42716
6288
42382
610
11393
63630
34141
57124
54613
11926
7154
57104
54273
6146
39968
25109
34654
308
6259
41889
57766
65527
853
15524
2783
48334
36257
27559
10767
52988
49838
61825
3456
59775
34143
57158
55191
21752
43122
13190
28642
29178
38290
62120
8471
13956
41664
53941
502
9557
32418
27833
15425
1100
19723
8629
16642
21789
43751
23883
13812
39216
12325
13937
41341
48450
38229
61083
56379
41948
58769
17041
28572
27988
18060
45895
60331
43595
21231
34265
59232
24912
31305
8912
21453
38039
57853
1469
25996
49733
60040
38648
2669
46396
3311
57310
57775
143
3454
59741
33565
47332
19223
129
3216
55695
30320
57704
64473
48472
38603
1904
33391
44374
34474
62785
19776
9530
31959
20030
13848
39828
22729
59731
33395
44442
35630
16900
26175
52776
46234
557
10492
48313
35900
21490
38668
3009
52176
36034
23768
11857
5981
37163
42961
10453
47650
24629
26494
58199
7351
60453
45669
56489
43818
25022
33175
40702
37587
50169
1915
33578
47553
22980
63998
40397
32402
27561
10801
53566
59664
32256
25079
34144
57175
55480
26665
61106
56770
48595
40694
37451
47857
28148
20780
26598
59967
37407
47109
15432
1219
21746
43020
11456
64701
52348
38958
7939
4912
18990
61705
1416
25095
34416
61799
3014
52261
37479
48333
36240
27270
5854
35004
6258
41872
57477
60614
48406
37481
48367
36818
37096
41822
56627
46164
64904
55799
32088
22223
51129
18235
48870
45369
51389
22655
58473
12009
8565
15554
3293
57004
52573
42783
7427
61745
2096
36655
34325
60252
42252
63937
39360
14773
55553
27906
16666
22197
50687
10721
52206
36544
32438
28173
21205
33823
51718
28248
22480
55498
26971
771
14130
44622
38690
3383
58534
13046
26194
53099
51725
28367
24503
24352
21785
43683
22727
59697
32817
34616
65199
60814
51806
29744
47912
29083
36675
34665
495
9438
30395
58979
20611
23725
11126
59091
22515
56093
37086
41652
53737
62571
16138
13221
29169
38137
59519
29791
48711
42666
5438
27932
17108
29711
47351
19546
5620
31026
4169
6359
43589
21129
32531
29754
48082
31973
20268
17894
43073
12357
14481
50589
9055
23884
13829
39505
17238
31921
19384
2866
49745
60244
42116
61625
56
1975
34598
64893
55612
28909
33717
49916
63151
25998
49767
60618
48474
38637
2482
43217
14805
56097
37154
42808
7852
3433
59384
27496
9696
34781
2467
42962
10470
47939
29542
44478
36242
27304
6432
44830
42226
63495
31846
18109
46728
8955
22184
50466
6964
53874
64900
55731
30932
2571
44730
40526
34595
64842
54745
14170
45302
50250
3292
56987
52284
37870
54980
18165
47680
25139
35164
8978
22575
57113
54426
8747
18648
55891
33652
48811
44366
34338
60473
46009
62269
11004
57017
52794
46540
5759
33389
44340
33896
52959
49345
53444
57590
62535
15526
2817
48912
46083
63527
32390
27357
7333
60147
40467
33592
47791
27026
1706
30025
52689
44755
40951
41820
56593
45586
55078
19831
10465
47854
28097
19913
11859
6015
37741
52787
46421
3736
64535
49526
56521
44362
34270
59317
26357
55870
33295
42742
6730
49896
62811
20218
17044
28623
28855
32799
34310
59997
37917
55779
31748
16443
18406
51777
29251
39531
17680
39435
16048
11691
3159
54726
13847
39811
22440
54818
15411
862
15677
5384
27014
1502
26557
59270
25558
42287
64532
49475
55654
29623
45855
59651
32035
21322
35812
19994
13236
29424
42472
2140
37403
47041
14276
47104
15347
65311
62718
18637
55704
30473
60305
43153
13717
37601
50407
5961
36823
37181
43267
15655
5010
20656
24490
24131
18028
45351
51083
17453
35576
15982
10569
49622
58153
6569
47159
16282
15669
5248
24702
27735
13759
38315
62545
15696
5707
32505
29312
40568
35309
11443
64480
48591
40626
36295
28205
21749
43071
12323
13903
40763
38624
2261
39460
16473
18916
60447
45567
54755
14340
48192
33843
52058
34028
55203
21956
46590
6609
47839
27842
15578
3701
63940
39411
15640
4755
16321
16332
16519
19698
8204
9417
30038
52910
48512
39283
13464
33300
42827
8175
8924
21657
41507
51272
20666
24660
27021
1621
28580
28124
20372
19662
7592
64550
49781
60856
52520
41882
57647
63504
31999
20710
25408
39737
21182
33432
45071
46323
2070
36213
26811
63588
33427
44986
44878
43042
11830
5522
29360
41384
49181
50656
10194
43247
15315
64767
53470
58032
4512
12190
11642
2326
40565
35258
10576
49741
60176
40960
41973
59194
24266
20323
18829
58968
20424
20546
22620
57878
1894
33221
41484
50881
14019
42735
6611
47873
28420
25404
39669
20026
13780
38672
3077
53332
55686
30167
55103
20256
17690
39605
18938
60821
51925
31767
16766
23897
14050
43262
15570
3565
61628
107
2842
49337
53308
55278
23231
2728
47399
20362
19492
4702
15420
1015
18278
49601
57796
500
9523
31840
18007
44994
45014
45354
51134
18320
50315
4397
10235
43944
27164
4052
4370
9776
36141
25587
42780
7376
60878
52894
48240
34659
393
7704
917
16612
21279
35081
7567
64125
42556
3568
61679
974
17581
37752
52974
49600
57779
211
4610
13856
39964
25041
33498
46193
65397
64180
43491
19463
4209
7039
55149
21038
30984
3455
59758
33854
52245
37207
43709
23169
1674
29481
43441
18613
55296
23537
7930
4759
16389
17488
36171
26097
51450
23692
10565
49554
56997
52454
40760
38573
1394
24721
28058
19250
588
11019
57272
57129
54698
13371
31719
15950
10025
40374
32011
20914
28876
33156
40379
32096
22359
53441
57539
61668
787
14402
49246
51761
28979
34907
4609
13839
39675
20128
15514
2613
45444
52664
44330
33726
50069
215
4678
15012
59616
31440
11207
60468
45924
60824
51976
32634
31505
12312
13716
37584
50118
1048
18839
59138
23314
4139
5849
34919
4813
17307
33094
39325
14178
45438
52562
42596
4248
7702
883
16034
11453
64650
51481
24219
19524
5246
24668
27157
3933
2347
40922
41327
48212
34183
57838
1214
21661
41575
52428
40318
31059
4730
15896
9107
24768
28857
32833
34888
4286
8348
11865
6117
39475
16728
23251
3068
53179
53085
51487
24321
21258
34724
1498
26489
58114
5906
35888
21286
35200
9590
32979
37370
46480
4739
16049
11708
3448
59639
31831
17854
42393
797
14572
52136
35354
12208
11948
7528
63462
31285
8572
15673
5316
25858
47387
20158
16024
11283
61760
2351
40990
42483
2327
40582
35547
15489
2188
38219
60913
53489
58355
10003
40000
25653
43902
26450
57451
60172
40892
40817
39542
17867
42614
4554
12904
23780
12061
9449
30582
62158
9117
24938
31747
16426
18117
46864
11267
61488
63264
27919
16887
25954
49019
47902
28913
33785
51072
17266
32397
27476
9356
29001
35281
10967
56388
42101
61370
61258
59354
26986
1026
18465
52780
46302
1713
30144
54712
13609
35765
19195
65190
60661
49205
51064
17130
30085
53709
62095
8046
6731
49913
63100
25131
35028
6666
48808
44315
33471
45734
57594
62603
16682
22469
55311
23792
12265
12917
24001
15818
7781
2226
38865
6358
43572
20840
27618
11770
4502
12020
8752
18733
57336
58217
7657
118
3029
52516
41814
56491
43852
25600
43001
11133
59210
24538
24947
31900
19027
62334
12109
10265
44454
35834
20368
19594
6436
44898
43382
17610
38245
61355
61003
55019
18828
58951
20135
15633
4636
14298
47478
21705
42323
65144
59879
35911
21677
41847
57052
53389
56655
46640
7459
62289
11344
62797
19980
12998
25378
39227
12512
17116
29847
49663
58850
18418
51981
32719
32950
36877
38099
58873
18809
58628
14644
53360
56162
38259
61593
65049
58264
8456
13701
37329
45783
58427
11227
60808
51704
28010
18434
52253
37343
46021
62473
14472
50436
6454
45204
48584
40507
34272
59351
26935
159
3726
64365
46636
7391
61133
57229
56398
42271
64260
44851
42583
4027
3945
2551
44390
34746
1872
32847
35126
8332
11593
1493
26404
56669
46878
11505
65534
972
17547
37174
43148
13632
36156
25842
47115
15534
2953
51224
19850
10788
53345
55907
33924
53435
57437
59934
36846
37572
49914
63117
25420
39941
24650
26851
64268
44987
44895
43331
16743
23506
7403
61337
60697
49817
61468
62924
22139
49701
59496
29400
42064
60741
50565
8647
16948
26991
1111
19910
11808
5148
23002
64372
46755
9414
29987
52043
33773
50868
13798
38978
8279
10692
51713
28163
21035
30933
2588
45019
45439
52579
42885
9161
25686
44463
35987
22969
63811
37218
43896
26348
55717
30694
64062
41485
50898
14308
47648
24595
25916
48373
36920
38830
5763
33457
45496
53548
59358
27054
2182
38117
59179
24011
15988
10671
51356
22094
48936
46491
4926
19228
214
4661
14723
54703
13456
33164
40515
34408
61663
702
12957
24681
27378
7690
679
12566
18034
45453
52817
46931
12406
15314
64750
53181
53119
52065
34147
57226
56347
41404
49521
56436
42917
9705
34934
5068
21642
41252
46937
12508
17048
28691
30011
52451
40709
37706
52192
36306
28392
24928
31577
13536
34524
63635
34226
58569
13641
36309
28443
25795
46316
1951
34190
57957
3237
56052
36389
29803
48915
46134
64394
47129
15772
6999
54469
9478
31075
5002
20520
22178
50364
5230
24396
22533
56399
42288
64549
49764
60567
47607
23898
14067
43551
20483
21549
39671
20060
14358
48498
39045
9418
30055
53199
53425
57267
57044
53253
54343
7336
60198
41334
48331
36206
26692
61565
64573
50172
1966
34445
62292
11395
63664
34719
1413
25044
33549
47060
14599
52595
43157
13785
38757
4522
12360
14532
51456
23794
12299
13495
33827
51786
29404
42132
61897
4680
15046
60194
41266
47175
16554
20293
18319
50298
4108
5322
25960
49121
49636
58391
10615
50404
5910
35956
22442
54852
15989
10688
51645
27007
1383
24534
24879
30744
64912
55935
34400
61527
63927
39190
11883
6423
44677
39625
19278
1064
19111
63762
36385
29735
47759
26482
57995
3883
1497
26472
57825
993
17904
43243
15247
63611
33818
51633
26803
63452
31115
5682
32080
22087
48817
44468
36072
24414
22839
61601
65185
60576
47760
26499
58284
8796
19481
4515
12241
12509
17065
28980
34924
4898
18752
57659
63708
35467
14129
44605
38401
64007
40550
35003
6241
41583
52564
42630
4826
17528
36851
37657
51359
22145
49803
61230
58878
18894
60073
39209
12206
11914
6950
53636
60854
52486
41304
47821
27536
10376
46341
2376
41415
49708
59615
31423
10918
55555
27940
17244
32023
21118
32344
26575
59576
30760
65184
60559
47471
21586
40300
30753
65065
58536
13080
26772
62925
22156
49990
64409
47384
20107
15157
62081
7808
2685
46668
7935
4844
17834
42053
60554
47386
20141
15735
6370
43776
24308
21037
30967
3166
54845
15870
8665
17254
32193
24008
15937
9804
36617
33679
49270
52169
35915
21745
43003
11167
59788
34364
60915
53523
58933
19829
10431
47276
18271
49482
55773
31646
14709
54465
9410
29919
50887
14121
44469
36089
24703
27752
14048
43228
14992
59276
25660
44021
28473
26305
54986
18267
49414
54617
11994
8310
11219
60672
49392
54243
5636
31298
8793
19430
3648
63039
24094
17399
34658
376
7415
61541
64165
43236
15128
61588
64964
56819
49428
54855
16040
11555
847
15422
1049
18856
59427
28227
22123
49429
54872
16329
16468
18831
59002
21002
30372
58588
13964
41800
56253
39806
22355
53373
56383
42016
59925
36693
34971
5697
32335
26422
56975
52080
34402
61561
64505
49016
47851
28046
19046
62657
17600
38075
58465
11873
6253
41787
56032
36049
24023
16192
14139
44775
41291
47600
23779
12044
9160
25669
44174
31074
4985
20231
17265
32380
27187
4443
11017
57238
56551
44872
42940
10096
41581
52530
42052
60537
47097
15228
63288
28327
23823
12792
21876
45230
49026
48021
30936
2639
45886
60178
40994
42551
3483
60234
41946
58735
16463
18746
57557
61974
5989
37299
45273
49757
60448
45584
55044
19253
639
11886
6474
45544
54364
7693
730
13433
32773
33868
52483
41253
46954
12797
21961
46675
8054
6867
52225
36867
37929
55983
35216
9862
37603
50441
6539
46649
7612
64890
55561
28042
18978
61501
63485
31676
15219
63135
25726
45143
47547
22878
62264
10919
55572
28229
22157
50007
64698
52297
38091
58737
16497
19324
1846
32405
27612
11668
2768
48079
31922
19401
3155
54658
12691
20159
16041
11572
1136
20335
19033
62436
13843
39743
21284
35166
9012
23153
1402
24857
30370
58554
13386
31974
20285
18183
47986
30341
58061
5005
20571
23045
65103
59182
24062
16855
25410
39771
21760
43258
15502
2409
41976
59245
25133
35062
7244
58634
14746
55094
20103
15089
60925
53693
61823
3422
59197
24317
21190
33568
47383
20090
14868
57168
55361
24642
26715
61956
5683
32097
22376
53730
62452
14115
44367
34355
60762
50922
14716
54584
11433
64310
45701
57033
53066
51164
18830
58985
20713
25459
40604
35921
21847
44737
40645
36618
33696
49559
57082
53899
65325
62956
22683
58949
20101
15055
60347
43867
25855
47336
19291
1285
22868
62094
8029
6442
45000
45116
47088
15075
60687
49647
58578
13794
38910
7123
56577
45314
50454
6760
50406
5944
36534
32268
25283
37612
50594
9140
25329
38394
63888
38527
612
11427
64208
43967
27555
10699
51832
30186
55426
25747
45500
53616
60514
46706
8581
15826
7917
4538
12632
19156
64527
49390
54209
5058
21472
38362
63344
29279
40007
25772
45925
60841
52265
37547
49489
55892
33669
49100
49279
52322
38516
425
8248
10165
42754
6934
53364
56230
39415
15708
5911
35973
22731
59765
33973
54268
6061
38523
544
10271
44556
37568
49846
61961
5768
33542
46941
12576
18204
48343
36410
30160
54984
18233
48836
44791
41563
52224
36850
37640
51070
17232
31819
17650
38925
7378
60912
53472
58066
5090
22016
47610
23949
14934
58290
8898
21215
33993
54608
11841
5709
32539
29890
50394
5740
33066
38849
6086
38948
7769
2022
35397
12939
24375
22176
50330
4652
14570
52102
34776
2382
41517
51442
23556
8253
10250
44199
31499
12210
11982
8106
7751
1716
30195
55579
28348
24180
18861
59512
29672
46688
8275
10624
50557
8511
14636
53224
53850
64492
48795
44094
29714
47402
20413
20359
19441
3835
681
12600
18612
55279
23248
3017
52312
38346
63072
24655
26936
176
4015
3741
64620
50971
15549
3208
55559
28008
18400
51675
27517
10053
40850
40103
27404
8132
8193
9230
26859
64404
47299
18662
56129
37698
52056
33994
54625
12130
10622
50523
7933
4810
17256
32227
24586
25763
45772
58240
8048
6765
50491
7389
61099
56651
46572
6303
42637
4945
19551
5705
32471
28734
30742
64878
55357
24574
25559
42304
64821
54388
8101
7666
271
5630
31196
7059
55489
26818
63707
35450
13840
39692
20417
20427
20597
23487
7080
55846
32887
35806
19892
11502
65483
105
2808
48759
43482
19310
1608
28359
24367
22040
48018
30885
1772
31147
6226
41328
48229
34472
62751
19198
65241
61528
63944
39479
16796
24407
22720
59578
30794
225
4848
17902
43209
14669
53785
63387
30010
52434
40420
32793
34208
58263
8439
13412
32416
27799
14847
56811
49292
52543
42273
64294
45429
52409
39995
25568
42457
1885
33068
38883
6664
48774
43737
23645
9766
35971
22697
59187
24147
18300
49975
64154
43049
11949
7545
63751
36198
26556
59253
25269
37374
46548
5895
35701
18107
46694
8377
12358
14498
50878
13968
41868
57409
59458
28754
31082
5121
22543
56569
45178
48142
32993
37608
50526
7984
5677
31995
20642
24252
20085
14783
55723
30796
259
5426
27728
13640
36292
28154
20882
28332
23908
14237
46441
4076
4778
16712
22979
63981
40108
27489
9577
32758
33613
48148
33095
39342
14467
50351
5009
20639
24201
19218
44
1771
31130
5937
36415
30245
56429
42798
7682
543
10254
44267
32655
31862
18381
51352
22026
47780
26839
64064
41519
51476
24134
18079
46218
285
5868
35242
10304
45117
47105
15364
63
2094
36621
33747
50426
6284
42314
64991
57278
57231
56432
42849
8549
15282
64206
43933
26977
873
15864
8563
15520
2715
47178
16605
21160
33058
38713
3774
65181
60508
46604
6847
51885
31087
5206
23988
15597
4024
3894
1684
29651
46331
2206
38525
578
10849
54382
7999
5932
36330
28800
31864
18415
51930
31852
18211
48462
38433
64551
49798
61145
57433
59866
35690
17920
43515
19871
11145
59414
28006
18366
51097
17691
39622
19227
197
4372
9810
36719
35413
13211
28999
35247
10389
46562
6133
39747
21352
36322
28664
29552
44648
39132
10897
55198
21871
45145
47581
23456
6553
46887
11658
2598
45189
48329
36172
26114
51739
28605
28549
27597
11413
63970
39921
24310
21071
31545
12992
25276
37493
48571
40286
30515
61019
55291
23452
6485
45731
57543
61736
1943
34054
55645
29470
43254
15434
1253
22324
52846
47424
20787
26717
61990
6261
41923
58344
9816
36821
37147
42689
5829
34579
64570
50121
1099
19706
8340
11729
3805
171
3930
2296
40055
26588
59797
34517
63516
32203
24178
18827
58934
19846
10720
52189
36255
27525
10189
43162
13870
40202
29087
36743
35821
20147
15837
8104
7717
1138
20369
19611
6725
49811
61366
61190
58198
7334
60164
40756
38505
238
5069
21659
41541
51850
30492
60628
48644
41527
51612
26446
57383
59016
21240
34418
61833
3592
62087
7910
4419
10609
50302
4176
6478
45612
55520
27345
7129
56679
47048
14395
49127
49738
60125
40093
27234
5242
24600
26001
49818
61485
63213
27052
2148
37539
49353
53580
59902
36302
28324
23772
11925
7137
56815
49360
53699
61925
5156
23138
1147
20522
22212
50942
15056
60364
44156
30768
65320
62871
21238
34384
61255
59303
26119
51824
30050
53114
51980
32702
32661
31964
20115
15293
64393
47112
15483
2086
36485
31435
11122
59023
21359
36441
30687
63943
39462
16507
19494
4736
15998
10841
54246
5687
32165
23532
7845
3314
57361
58642
14882
57406
59407
27887
16343
16706
22877
62247
10630
50659
10245
44114
30054
53182
53136
52354
39060
9673
34390
61357
61037
55597
28654
29382
41758
55539
27668
12620
18952
61059
55971
35012
6394
44184
31244
7875
3824
494
9421
30106
54066
2627
45682
56710
47575
23354
4819
17409
34828
3266
56545
44770
41206
46155
64751
53198
53408
56978
52131
35269
10763
52920
48682
42173
62594
16529
19868
11094
58547
13267
29951
51431
23369
5074
21744
42986
10878
54875
16380
17335
33570
47417
20668
24694
27599
11447
64548
49747
60278
42694
5914
36024
23598
8967
22388
53934
383
7534
63564
33019
38050
58040
4648
14502
50946
15124
61520
63808
37167
43029
11609
1765
31028
4203
6937
53415
57097
54154
4123
5577
30295
57279
57248
56721
47762
26533
58862
18622
55449
26138
52147
35541
15387
454
8741
18546
54157
4174
6444
45034
45694
56914
51043
16773
24016
16073
12116
10384
46477
4688
15182
62506
15033
59973
37509
48843
44910
43586
21078
31664
15015
59667
32307
25946
48883
45590
55146
20987
30117
54253
5806
34188
57923
2659
46226
421
8180
9009
23102
535
10118
41955
58888
19064
62963
22802
60972
54492
9869
37722
52464
40930
41463
50524
7950
5099
22169
50211
2629
45716
57288
57401
59322
26442
57315
57860
1588
28019
18587
54854
16023
11266
61471
62975
23006
64440
47911
29066
36386
29752
48048
31395
10442
47463
21450
37988
56986
52267
37581
50067
181
4100
5186
23648
9817
36838
37436
47602
23813
12622
18986
61637
260
5443
28017
18553
54276
6197
40835
39848
23069
65511
581
10900
55249
22738
59884
35996
23122
875
15898
9141
25346
38683
3264
56511
44192
31380
10187
43128
13292
30376
58656
15120
61452
62652
17515
36630
33900
53027
50501
7559
63989
40244
29801
48881
45556
54568
11161
59686
32630
31437
11156
59601
31185
6872
52310
38312
62494
14829
56505
44090
29646
46246
761
13960
41732
55097
20154
15956
10127
42108
61489
63281
28208
21800
43938
27062
2318
40429
32946
36809
36943
39221
12410
15382
369
7296
59518
29774
48422
37753
52991
49889
62692
18195
48190
33809
51480
24202
19235
333
6684
49114
49517
56368
41761
55590
28535
27359
7367
60725
50293
4023
3877
1395
24738
28347
24163
18572
54599
11688
3108
53859
64645
51396
22774
60496
46400
3379
58466
11890
6542
46700
8479
14092
43976
27708
13300
30512
60968
54424
8713
18070
46065
63221
27188
4460
11306
62151
8998
22915
62893
21612
40742
38267
61729
1824
32031
21254
34656
342
6837
51715
28197
21613
40759
38556
1105
19808
10074
41207
46172
65040
58111
5855
35021
6547
46785
9924
38657
2822
48997
47528
22555
56773
48646
41561
52190
36272
27814
15102
61146
57450
60155
40603
35904
21558
39824
22661
58575
13743
38043
57921
2625
45648
56132
37749
52923
48733
43040
11796
4944
19534
5416
27558
10750
52699
44925
43841
25413
39822
22627
57997
3917
2075
36298
28256
22616
57810
738
13569
35085
7635
65281
62208
9967
39388
15249
63645
34396
61459
62771
19538
5484
28714
30402
59098
22634
58116
5940
36466
31112
5631
31213
7348
60402
44802
41750
55403
25356
38853
6154
40104
27421
8421
13106
27214
4902
18820
58815
17823
41866
57375
58880
18928
60651
49035
48174
33537
46856
11131
59176
23960
15121
61469
62941
22428
54614
11943
7443
62017
6720
49726
59921
36625
33815
51582
25936
48713
42700
6016
37758
53076
51334
21720
42578
3942
2500
43523
20007
13457
33181
40804
39321
14110
44282
32910
36197
26539
58964
20356
19390
2968
51479
24185
18946
60957
54237
5534
29564
44852
42600
4316
8858
20535
22433
54699
13388
32008
20863
28009
18417
51964
32430
28037
18893
60056
38920
7293
59467
28907
33683
49338
53325
55567
28144
20712
25442
40315
31008
3863
1157
20692
25102
34535
63822
37405
47075
14854
56930
51315
21397
37087
41669
54026
1947
34122
56801
49122
49653
58680
15528
2851
49490
55909
33958
54013
1726
30365
58469
11941
7409
61439
62431
13758
38298
62256
10783
53260
54462
9359
29052
36148
25706
44803
41767
55692
30269
56837
49734
60057
38937
7582
64380
46891
11726
3754
64841
54728
13881
40389
32266
25249
37034
40768
38709
3706
64025
40856
40205
29138
37610
50560
8562
15503
2426
42265
64158
43117
13105
27197
4613
13907
40831
39780
21913
45859
59719
33191
40974
42211
63240
27511
9951
39116
10625
50574
8800
19549
5671
31893
18908
60311
43255
15451
1542
27237
5293
25467
40740
38233
61151
57535
61600
65168
60287
42847
8515
14704
54380
7965
5354
26504
58369
10241
44046
28898
33530
46737
9108
24785
29146
37746
52872
47866
28301
23381
5278
25212
36405
30075
53539
59205
24453
23502
7335
60181
41045
43418
18222
48649
41612
53057
51011
16229
14768
55468
26461
57638
63351
29398
42030
60163
40739
38216
60862
52622
43616
21588
40334
31331
9354
28967
34703
1141
20420
20478
21464
38226
61032
55512
27209
4817
17375
34250
58977
20577
23147
1300
23123
892
16187
14054
43330
16726
23217
2490
43353
17117
29864
49952
63763
36402
30024
52672
44466
36038
23836
13013
25633
43562
20670
24728
28177
21273
34979
5833
34647
189
4236
7498
62952
22615
57793
449
8656
17101
29592
45328
50692
10806
53651
61109
56821
49462
55433
25866
47523
22470
55328
24081
17178
30901
2044
35771
19297
1387
24602
26035
50396
5774
33644
48675
42054
60571
47675
25054
33719
49950
63729
35824
20198
16704
22843
61669
804
14691
54159
4208
7022
54860
16125
13000
25412
39805
22338
53084
51470
24032
16345
16740
23455
6536
46598
6745
50151
1609
28376
24656
26953
465
8928
21725
42663
5387
27065
2369
41296
47685
25224
36609
33543
46958
12865
23117
790
14453
50113
963
17394
34573
64468
48387
37158
42876
9008
23085
246
5205
23971
15308
64648
51447
23641
9698
34815
3045
52788
46438
4025
3911
1973
34564
64315
45786
58478
12094
10010
40119
27676
12756
21264
34826
3232
55967
34944
5238
24532
24845
30166
55086
19967
12777
21621
40895
40868
40409
32606
31029
4220
7226
58328
9544
32197
24076
17093
29456
43016
11388
63545
32696
32559
30230
56174
38463
65061
58468
11924
7120
56526
44447
35715
18345
50740
11622
1986
34785
2535
44118
30122
54338
7251
58753
16769
23948
14917
58001
3985
3231
55950
34655
325
6548
46802
10213
43570
20806
27040
1944
34071
55934
34383
61238
59014
21206
33840
52007
33161
40464
33541
46924
12287
13291
30359
58367
10207
43468
19072
63099
25114
34739
1753
30824
735
13518
34218
58433
11329
62542
15645
4840
17766
40897
40902
40987
42432
1460
25843
47132
15823
7866
3671
63430
30741
64861
55068
19661
7575
64261
44868
42872
8940
21929
46131
64343
46262
1033
18584
54803
15156
62064
7519
63309
28684
29892
50428
6318
42892
9280
27709
13317
30801
344
6871
52293
38023
57581
62382
12925
24137
18130
47085
15024
59820
34908
4626
14128
44588
38112
59094
22566
56960
51825
30067
53403
56893
50686
10704
51917
31631
14454
50130
1252
22307
52557
42511
2803
48674
42037
60282
42762
7070
55676
29997
52213
36663
34461
62564
16019
11198
60315
43323
16607
21194
33636
48539
39742
21267
34877
4099
5169
23359
4904
18854
59393
27649
12297
13461
33249
41960
58973
20509
21991
47185
16724
23183
1912
33527
46686
8241
10046
40731
38080
58550
13318
30818
633
11784
4740
16066
11997
8361
12086
9874
37807
53909
65495
309
6276
42178
62679
17974
44433
35477
14299
47495
21994
47236
17591
37922
55864
33193
41008
42789
7529
63479
31574
13485
33657
48896
45811
58903
19319
1761
30960
3047
52822
47016
13851
39879
23596
8933
21810
44108
29952
51448
23658
9987
39728
21029
30831
854
15541
3072
53247
54241
5602
30720
64504
48999
47562
23133
1062
19077
63184
26559
59304
26136
52113
34963
5561
30023
52655
44177
31125
5852
34970
5680
32046
21509
38991
8500
14449
50045
65344
63279
28174
21222
34112
56631
46232
523
9914
38487
65469
65404
64299
45514
53854
64560
49951
63746
36113
25111
34688
886
16085
12320
13852
39896
23885
13846
39794
22151
49905
62964
22819
61261
59405
27853
15765
6880
52446
40624
36261
27627
11923
7103
56237
39534
17731
40302
30787
106
2825
49048
48395
37294
45188
48312
35883
21201
33755
50562
8596
16081
12252
12696
20244
17486
36137
25519
41624
53261
54479
9648
33965
54132
3749
64756
53283
54853
16006
10977
56558
44991
44963
44487
36395
29905
50649
10075
41224
46461
4416
10558
49435
54974
18063
45946
61198
58334
9646
33931
53554
59460
28788
31660
14947
58511
12655
19547
5637
31315
9082
24343
21632
41082
44047
28915
33819
51650
27092
2828
49099
49262
52033
33603
47978
30205
55749
31238
7773
2090
36553
32591
30774
65422
64605
50716
11214
60587
47947
29678
46790
10009
40102
27387
7843
3280
56783
48816
44451
35783
19501
4855
18021
45232
49060
48599
40762
38607
1972
34547
64026
40873
40494
34051
55594
28603
28515
27019
1587
28002
18298
49941
63576
33223
41518
51459
23845
13166
28234
22242
51452
23726
11143
59380
27428
8540
15129
61605
65253
61732
1875
32898
35993
23071
8
1159
20726
25680
44361
34253
59028
21444
37886
55252
22789
60751
50735
11537
541
10220
43689
22829
61431
62295
11446
64531
49458
55365
24710
27871
16071
12082
9806
36651
34257
59096
22600
57538
61651
498
9489
31262
8181
9026
23391
5448
28102
19998
13304
30580
62124
8539
15112
61316
60340
43748
23832
12945
24477
23910
14271
47019
13902
40746
38335
62885
21476
38430
64500
48931
46406
3481
60200
41368
48909
46032
62660
17651
38942
7667
288
5919
36109
25043
33532
46771
9686
34611
65114
59369
27241
5361
26623
60392
44632
38860
6273
42127
61812
3235
56018
35811
19977
12947
24511
24488
24097
17450
35525
15115
61367
61207
58487
12247
12611
18799
58458
11754
4230
7396
61218
58674
15426
1117
20012
13542
34626
65369
63704
35399
12973
24953
32002
20761
26275
54476
9597
33098
39393
15334
65090
58961
20305
18523
53766
63064
24519
24624
26409
56754
48323
36070
24380
22261
51775
29217
38953
7854
3467
59962
37322
45664
56404
42373
457
8792
19413
3359
58126
6110
39356
14705
54397
8254
10267
44488
36412
30194
55562
28059
19267
877
15932
9719
35172
9114
24887
30880
1687
29702
47198
16945
26940
244
5171
23393
5482
28680
29824
49272
52203
36493
31571
13434
32790
34157
57396
59237
24997
32750
33477
45836
59328
26544
59049
21801
43955
27351
7231
58413
10989
56762
48459
38382
63684
35059
7193
57767
7
1142
20437
20767
26377
56210
39075
9928
38725
3978
3112
53927
264
5511
29173
38205
60675
49443
55110
20375
19713
8459
13752
38196
60522
46842
10893
55130
20715
25493
41182
45747
57815
823
15014
59650
32018
21033
30899
2010
35193
9471
30956
2979
51666
27364
7452
62170
9321
28406
25166
35623
16781
24152
18385
51420
23182
1895
33238
41773
55794
32003
20778
26564
59389
27581
11141
59346
26850
64251
44698
39982
25347
38700
3553
61424
62176
9423
30140
54644
12453
16113
12796
21944
46386
3141
54420
8645
16914
26413
56822
49479
55722
30779
65507
513
9744
35597
16339
16638
21721
42595
4231
7413
61507
63587
33410
44697
39965
25058
33787
51106
17844
42223
63444
30979
3370
58313
9289
27862
15918
9481
31126
5869
35259
10593
50030
65089
58944
20016
13610
35782
19484
4566
13108
27248
5480
28646
29246
39446
16235
14870
57202
55939
34468
62683
18042
45589
55129
20698
25204
36269
27763
14235
46407
3498
60489
46281
1356
24075
17076
29167
38103
58941
19965
12743
21043
31069
4900
18786
58237
7997
5898
35752
18974
61433
62329
12024
8820
19889
11451
64616
50903
14393
49093
49160
50299
4125
5611
30873
1568
27679
12807
22131
49565
57184
55633
29266
39786
22015
47593
23660
10021
40306
30855
1262
22477
55447
26104
51569
25715
44956
44368
34372
61051
55835
32700
32627
31386
10289
44862
42770
7206
57988
3764
65011
57618
63011
23618
9307
28168
21120
32378
27153
3865
1191
21270
34928
4966
19908
11774
4570
13176
28404
25132
35045
6955
53721
62299
11514
150
3573
61764
2419
42146
62135
8726
18291
49822
61553
64369
46704
8547
15248
63628
34107
56546
44787
41495
51068
17198
31241
7824
2957
51292
21006
30440
59744
33616
48199
33962
54081
2882
50017
64868
55187
21684
41966
59075
22243
51469
24015
16056
11827
5471
28493
26645
60766
50990
15872
8699
17832
42019
59976
37560
49710
59649
32001
20744
25986
49563
57150
55055
19440
3818
392
7687
628
11699
3295
57038
53151
52609
43395
17831
42002
59687
32647
31726
16069
12048
9228
26825
63826
37473
48231
34506
63329
29024
35672
17614
38313
62511
15118
61418
62074
7689
662
12277
13121
27469
9237
26978
890
16153
13476
33504
46295
1594
28121
20321
18795
58390
10598
50115
997
17972
44399
34899
4473
11527
371
7330
60096
39600
18853
59376
27360
7384
61014
55206
22007
47457
21348
36254
27508
9900
38249
61423
62159
9134
25227
36660
34410
61697
1280
22783
60649
49001
47596
23711
10888
55045
19270
928
16799
24458
23587
8780
19209
65428
64707
52450
40692
37417
47279
18322
50349
4975
20061
14375
48787
43958
27402
8098
7615
64941
56428
42781
7393
61167
57807
687
12702
20346
19220
78
2349
40956
41905
58038
4614
13924
41120
44693
39897
23902
14135
44707
40135
27948
17380
34335
60422
45142
47530
22589
57351
58472
11992
8276
10641
50846
13424
32620
31267
8266
10471
47956
29831
49391
54226
5347
26385
56346
41387
49232
51523
24933
31662
14981
59089
22481
55515
27260
5684
32114
22665
58643
14899
57695
64320
45871
59923
36659
34393
61408
61904
4799
17069
29048
36080
24550
25151
35368
12446
15994
10773
53090
51572
25766
45823
59107
22787
60717
50157
1711
30110
54134
3783
65334
63109
25284
37629
50883
14053
43313
16437
18304
50043
65310
62701
18348
50791
12489
16725
23200
2201
38440
64670
51821
29999
52247
37241
44287
32995
37642
51104
17810
41645
53618
60548
47284
18407
51794
29540
44444
35664
17478
36001
23207
2320
40463
33524
46635
7374
60844
52316
38414
64228
44307
33335
43422
18290
49805
61264
59456
28720
30504
60832
52112
34946
5272
25110
34671
597
11172
59873
35809
19943
12369
14685
54057
2474
43081
12493
16793
24356
21853
44839
42379
559
10526
48891
45726
57458
60291
42915
9671
34356
60779
51211
19629
7031
55013
18726
57217
56194
38803
5304
25654
43919
26739
62364
12619
18935
60770
51058
17028
28351
24231
19728
8714
18087
46354
2597
45172
48040
31259
8130
8159
8652
17033
28436
25676
44293
33097
39376
15045
60177
40977
42262
64107
42250
63903
38782
4947
19585
6283
42297
64702
52365
39247
12852
22896
62570
16121
12932
24256
20153
15939
9838
37195
43505
19701
8255
10284
44777
41325
48178
33605
48012
30783
38
1669
29396
41996
59585
30913
2248
39239
12716
20584
23266
3323
57514
61243
59099
22651
58405
10853
54450
9155
25584
42729
6509
46139
64479
48574
40337
31382
10221
43706
23118
807
14742
55026
18947
60974
54526
10447
47548
22895
62553
15832
8019
6272
42110
61523
63859
38034
57768
24
1431
25350
38751
4420
10626
50591
9089
24462
23655
9936
38861
6290
42416
1188
21219
34061
55764
31493
12108
10248
44165
30921
2384
41551
52020
33382
44221
31873
18568
54531
10532
48993
47460
21399
37121
42247
63852
37915
55745
31170
6617
47975
30154
54882
16499
19358
2424
42231
63580
33291
42674
5574
30244
56412
42509
2769
48096
32211
24314
21139
32701
32644
31675
15202
62846
20813
27159
3967
2925
50748
11758
4298
8552
15333
65073
58672
15392
539
10186
43111
13003
25463
40672
37077
41499
51136
18354
50893
14223
46203
30
1533
27084
2692
46787
9958
39235
12648
19428
3614
62461
14268
46968
13035
26007
49920
63219
27154
3882
1480
26183
52912
48546
39861
23290
3731
64450
48081
31956
19979
12981
25089
34314
60065
39073
9894
38147
59689
32681
32304
25895
48016
30851
1194
21321
35795
19705
8323
11440
64429
47724
25887
47880
28539
27427
8523
14840
56692
47269
18152
47459
21382
36832
37334
45868
59872
35792
19654
7456
62238
10477
48058
31565
13332
31056
4679
15029
59905
36353
29191
38511
340
6803
51137
18371
51182
19136
64187
43610
21486
38600
1853
32524
29635
46059
63119
25454
40519
34476
62819
20354
19356
2390
41653
53754
62860
21051
31205
7212
58090
5498
28952
34448
62343
12262
12866
23134
1079
19366
2560
44543
37347
46089
63629
34124
56835
49700
59479
29111
37151
42757
6985
54231
5432
27830
15374
233
4984
20214
16976
27467
9203
26400
56601
45722
57390
59135
23263
3272
56647
46504
5147
22985
64083
41842
56967
51944
32090
22257
51707
28061
19301
1455
25758
45687
56795
49020
47919
29202
38698
3519
60846
52350
38992
8517
14738
54958
17791
41322
48127
32738
33273
42368
372
7347
60385
44513
36837
37419
47313
18900
60175
40943
41684
54281
6282
42280
64413
47452
21263
34809
2943
51054
16960
27195
4579
13329
31005
3812
290
5953
36687
34869
3963
2857
49592
57643
63436
30843
1058
19009
62028
6907
52905
48427
37838
54436
8917
21538
39484
16881
25852
47285
18424
52083
34453
62428
13707
37431
47517
22368
53594
60140
40348
31569
13400
32212
24331
21428
37614
50628
9718
35155
8825
19974
12896
23644
9749
35682
17784
41203
46104
63884
38459
64993
57312
57809
721
13280
30172
55188
21701
42255
63988
40227
29512
43968
27572
10988
56745
48170
33469
45700
57016
52777
46251
846
15405
760
13943
41443
50184
2170
37913
55711
30592
62328
12007
8531
14976
59004
21036
30950
2877
49932
63423
30622
62838
20677
24847
30200
55664
29793
48745
43244
15264
63900
38731
4080
4846
17868
42631
4843
17817
41764
55641
29402
42098
61319
60391
44615
38571
1360
24143
18232
48819
44502
36650
34240
58807
17687
39554
18071
46082
63510
32101
22444
54886
16567
20514
22076
48630
41289
47566
23201
2218
38729
4046
4268
8042
6663
48757
43448
18732
57319
57928
2744
47671
24986
32563
30298
57330
58115
5923
36177
26199
53184
53170
52932
48886
45641
56013
35726
18532
53919
128
3199
55406
25407
39720
20893
28519
27087
2743
47654
24697
27650
12314
13750
38162
59944
37016
40462
33507
46346
2461
42860
8736
18461
52712
45146
47598
23745
11466
64871
55238
22551
56705
47490
21909
45791
58563
13539
34575
64502
48965
46984
13307
30631
62991
23278
3527
60982
54662
12759
21315
35693
17971
44382
34610
65097
59080
22328
52914
48580
40439
33116
39699
20536
22450
54988
18301
49992
64443
47962
29933
51125
18167
47714
25717
44990
44946
44198
31482
11921
7069
55659
29708
47300
18679
56418
42611
4503
12037
9041
23646
9783
36260
27610
11634
2190
38253
61491
63315
28786
31626
14369
48685
42224
63461
31268
8283
10760
52869
47815
27434
8642
16863
25546
42083
61064
56056
36457
30959
3030
52533
42103
61404
61836
3643
62954
22649
58371
10275
44624
38724
3961
2823
49014
47817
27468
9220
26689
61514
63706
35433
13551
34779
2433
42384
644
11971
7919
4572
13210
28982
34958
5476
28578
28090
19794
9836
37161
42927
9875
37824
54198
4871
18293
49856
62131
8658
17135
30170
55154
21123
32429
28020
18604
55143
20936
29250
39514
17391
34522
63601
33648
48743
43210
14686
54074
2763
47994
30477
60373
44309
33369
44000
28116
20236
17350
33825
51752
28826
32306
25929
48594
40677
37162
42944
10164
42737
6645
48451
38246
61372
61292
59932
36812
36994
40088
27149
3797
35
1618
28529
27257
5633
31247
7926
4691
15233
63373
29772
48388
37175
43165
13921
41069
43826
25158
35487
14469
50385
5587
30465
60169
40841
39950
24803
29452
42948
10232
43893
26297
54850
15955
10110
41819
56576
45297
50165
1847
32422
27901
16581
20752
26122
51875
30917
2316
40395
32368
26983
975
17598
38041
57887
2047
35822
20164
16126
13017
25701
44718
40322
31127
5886
35548
15506
2477
43132
13360
31532
12771
21519
39161
11390
63579
33274
42385
661
12260
12832
22556
56790
48935
46474
4637
14315
47767
26618
60307
43187
14295
47427
20838
27584
11192
60213
41589
52666
44364
34304
59895
36183
26301
54918
17111
29762
48218
34285
59572
30692
64028
40907
41072
43877
26025
50226
2884
50051
65446
65013
57652
63589
33444
45275
49791
61026
55410
25475
40876
40545
34918
4796
17018
28181
21341
36135
25485
41046
43435
18511
53562
59596
31100
5427
27745
13929
41205
46138
64462
48285
35424
13398
32178
23753
11602
1646
29005
35349
12123
10503
48500
39079
9996
39881
23630
9511
31636
14539
51575
25817
46690
8309
11202
60383
44479
36259
27593
11345
62814
20269
17911
43362
17270
32465
28632
29008
35400
12990
25242
36915
38745
4318
8892
21113
32259
25130
35011
6377
43895
26331
55428
25781
46078
63442
30945
2792
48487
38858
6239
41549
51986
32804
34395
61442
62482
14625
53037
50671
10449
47582
23473
6842
51800
29642
46178
65142
59845
35333
11851
5879
35429
13483
33623
48318
35985
22935
63233
27392
7928
4725
15811
7662
203
4474
11544
660
12243
12543
17643
38806
5355
26521
58658
15154
62030
6941
53483
58253
8269
10522
48823
44570
37806
53892
65206
60933
53829
64135
42726
6458
45272
49740
60159
40671
37060
41210
46223
370
7313
59807
34687
869
15796
7407
61405
61853
3932
2330
40633
36414
30228
56140
37885
55235
22500
55838
32751
33494
46125
64241
44528
37092
41754
55471
26512
58505
12553
17813
41696
54485
9750
35699
18073
46116
64088
41927
58412
10972
56473
43546
20398
20104
15106
61214
58606
14270
47002
13613
35833
20351
19305
1523
26914
65339
63194
26729
62194
9729
35342
12004
8480
14109
44265
32621
31284
8555
15384
403
7874
3807
205
4508
12122
10486
48211
34166
57549
61838
3677
63532
32475
28802
31898
18993
61756
2283
39834
22831
61465
62873
21272
34962
5544
29734
47742
26193
53082
51436
23454
6519
46309
1832
32167
23566
8423
13140
27792
14728
54788
14901
57729
64898
55697
30354
58282
8762
18903
60226
41810
56423
42696
5948
36602
33424
44935
44011
28303
23415
5856
35038
6836
51698
27908
16700
22775
60513
46689
8292
10913
55470
26495
58216
7640
65366
63653
34532
63771
36538
32336
26439
57264
56993
52386
39604
18921
60532
47012
13783
38723
3944
2534
44101
29833
49425
54804
15173
62353
12432
15756
6727
49845
61944
5479
28629
28957
34533
63788
36827
37249
44423
35307
11409
63902
38765
4658
14672
53836
64254
44749
40849
40086
27115
3219
55746
31187
6906
52888
48138
32925
36452
30874
1585
27968
17720
40115
27608
11600
1612
28427
25523
41692
54417
8594
16047
11674
2870
49813
61400
61768
2487
43302
16250
15125
61537
64097
42080
61013
55189
21718
42544
3364
58211
7555
63921
39088
10149
42482
2310
40293
30634
63042
24145
18266
49397
54328
7081
55863
33176
40719
37876
55082
19899
11621
1969
34496
63159
26134
52079
34385
61272
59592
31032
4271
8093
7530
63496
31863
18398
51641
26939
227
4882
18480
53035
50637
9871
37756
53042
50756
11894
6610
47856
28131
20491
21685
41983
59364
27156
3916
2058
36009
23343
4632
14230
46322
2053
35924
21898
45604
55384
25033
33362
43881
26093
51382
22536
56450
43155
13751
38179
60233
41929
58446
11550
762
13977
42021
60010
38138
59536
30080
53624
60650
49018
47885
28624
28872
33088
39223
12444
15960
10195
43264
15604
4143
5917
36075
24465
23706
10803
53600
60242
42082
61047
55767
31544
12975
24987
32580
30587
62243
10562
49503
56130
37715
52345
38907
7072
55710
30575
62039
7094
56084
36933
39051
9520
31789
17140
30255
56599
45688
56812
49309
52832
47186
16741
23472
6825
51511
24729
28194
21562
39892
23817
12690
20142
15752
6659
48689
42292
64617
50920
14682
54006
1607
28342
24078
17127
30034
52842
47356
19631
7065
55591
28552
27648
12280
13172
28336
23976
15393
556
10475
48024
30987
3506
60625
48593
40660
36873
38031
57717
64694
52229
36935
39085
10098
41615
53108
51878
30968
3183
55134
20783
26649
60834
52146
35524
15098
61078
56294
40503
34204
58195
7283
59297
26017
50090
572
10747
52648
44058
29102
36998
40156
28305
23449
6434
44864
42804
7784
2277
39732
21097
31987
20506
21940
46318
1985
34768
2246
39205
12138
10758
52835
47237
17608
38211
60777
51177
19051
62742
19045
62640
17311
33162
40481
33830
51837
30271
56871
50312
4346
9368
29205
38749
4386
10048
40765
38658
2839
49286
52441
40539
34816
3062
53077
51351
22009
47491
21926
46080
63476
31523
12618
18918
60481
46145
64581
50308
4278
8212
9553
32350
26677
61310
60238
42014
59891
36115
25145
35266
10712
52053
33943
53758
62928
22207
50857
13611
35799
19773
9479
31092
5291
25433
40162
28407
25183
35912
21694
42136
61965
5836
34698
1056
18975
61450
62618
16937
26804
63469
31404
10595
50064
130
3233
55984
35233
10151
42516
2888
50119
1065
19128
64051
41298
47719
25802
46435
3974
3044
52771
46149
64649
51464
23930
14611
52799
46625
7204
57954
3186
55185
21650
41388
49249
51812
29846
49646
58561
13505
33997
54676
12997
25361
38938
7599
64669
51804
29710
47334
19257
707
13042
26126
51943
32073
21968
46794
10077
41258
47039
14242
46526
5521
29343
41095
44268
32672
32151
23294
3799
69
2196
38355
63225
27256
5616
30958
3013
52244
37190
43420
18256
49227
51438
23488
7097
56135
37800
53790
63472
31455
11462
64803
54082
2899
50306
4244
7634
65264
61919
5054
21404
37206
43692
22880
62298
11497
65398
64197
43780
24376
22193
50619
9565
32554
30145
54729
13898
40678
37179
43233
15077
60721
50225
2867
49762
60533
47029
14072
43636
21928
46114
64054
41349
48586
40541
34850
3640
62903
21782
43632
21860
44958
44402
34950
5340
26266
54323
6996
54418
8611
16336
16587
20854
27856
15816
7747
1648
29039
35927
21949
46471
4586
13448
33028
38203
60641
48865
45284
49944
63627
34090
56257
39874
23511
7488
62782
19725
8663
17220
31615
14182
45506
53718
62248
10647
50948
15158
62098
8097
7598
64652
51515
24797
29350
41214
46291
1526
26965
669
12396
15144
61860
4051
4353
9487
31228
7603
64737
52960
49362
53733
62503
14982
59106
22770
60428
45244
49264
52067
34181
57804
636
11835
5607
30805
412
8027
6408
44422
35290
11120
58989
20781
26615
60256
42320
65093
59012
21172
33262
42181
62730
18841
59172
23892
13965
41817
56542
44719
40339
31416
10799
53532
59086
22430
54648
12521
17269
32448
28343
24095
17416
34947
5289
25399
39584
18581
54752
14289
47325
19104
63643
34362
60881
52945
49107
49398
54345
7370
60776
51160
18762
57829
1061
19060
62895
21646
41320
48093
32160
23447
6400
44286
32978
37353
46191
65363
63602
33665
49032
48123
32670
32117
22716
59510
29638
46110
63986
40193
28934
34142
57141
54902
16839
25138
35147
8689
17662
39129
10846
54331
7132
56730
47915
29134
37542
49404
54447
9104
24717
27990
18094
46473
4620
14026
42854
8634
16727
23234
2779
48266
35101
7907
4368
9742
35563
15761
6812
51290
20972
29862
49918
63185
26576
59593
31049
4560
13006
25514
41539
51816
29914
50802
12676
19904
11706
3414
59061
22005
47423
20770
26428
57077
53814
63880
38391
63837
37660
51410
23012
64542
49645
58544
13216
29084
36692
34954
5408
27422
8438
13395
32127
22886
62400
13231
29339
41027
43112
13020
25752
45585
55061
19542
5552
29870
50054
65497
343
6854
52004
33110
39597
18802
58509
12621
18969
61348
60884
52996
49974
64137
42760
7036
55098
20171
16245
15040
60092
39532
17697
39724
20961
29675
46739
9142
25363
38972
8177
8958
22235
51333
21703
42289
64566
50053
65480
54
1941
34020
55067
19644
7286
59348
26884
64829
54524
10413
46970
13069
26585
59746
33650
48777
43788
24512
24505
24386
22363
53509
58695
15783
7186
57648
63521
32288
25623
43392
17780
41135
44948
44232
32060
21747
43037
11745
4077
4795
17001
27892
16428
18151
47442
21093
31919
19350
2288
39919
24276
20493
21719
42561
3653
63124
25539
41964
59041
21665
41643
53584
59970
37458
47976
30171
55171
21412
37342
46004
62184
9559
32452
28411
25251
37068
41346
48535
39674
20111
15225
63237
27460
9084
24377
22210
50908
14478
50538
8188
9145
25414
39839
22916
62910
21901
45655
56251
39772
21777
43547
20415
20393
20019
13661
36649
34223
58518
12774
21570
40028
26129
51994
32940
36707
35209
9743
35580
16050
11725
3737
64552
49815
61434
62346
12313
13733
37873
55031
19032
62419
13554
34830
3300
57123
54596
11637
2241
39120
10693
51730
28452
25948
48917
46168
64972
56955
51740
28622
28838
32510
29397
42013
59874
35826
20232
17282
32669
32100
22427
54597
11654
2530
44033
28677
29773
48405
37464
48078
31905
19112
63779
36674
34648
206
4525
12411
15399
658
12209
11965
7817
2838
49269
52152
35626
16832
25019
33124
39835
22848
61754
2249
39256
13005
25497
41250
46903
11930
7222
58260
8388
12545
17677
39384
15181
62489
14744
55060
19525
5263
24957
32070
21917
45927
60875
52843
47373
19920
11978
8038
6595
47601
23796
12333
14073
43653
22217
51027
16501
19392
3002
52057
34011
54914
17043
28606
28566
27886
16326
16417
17964
44263
32587
30706
64266
44953
44317
33505
46312
1883
33034
38305
62375
12806
22114
49276
52271
37649
51223
19833
10499
48432
37923
55881
33482
45921
60773
51109
17895
43090
12646
19394
3036
52635
43837
25345
38666
2975
51598
26208
53337
55771
31612
14131
44639
38979
8296
10981
56626
46147
64615
50886
14104
44180
31176
6719
49709
59632
31712
15831
8002
5983
37197
43539
20279
18081
46252
863
15694
5673
31927
19486
4600
13686
37074
41448
50269
3615
62478
14557
51881
31019
4050
4336
9198
26315
55156
21157
33007
37846
54572
11229
60842
52282
37836
54402
8339
11712
3516